329206671
374441970
35811735
24179101
399459312
35811735
24179101
399459312
576338568
348992677
346918577
29112649
37088655
33652981
506121675
35811735
68410831
578314163
314642898
551928544
320230721
266832810
314642898
23667442
548674391
32315314
60844540
329206671
305879541
352580898
346918577
29685120
21872682
317643025
21872682
292308387
348992677
577853861
348992677
23667442
22211032
346918577
66967635
579885713
346918577
66967635
579885713
348992677
370162609
22211032
443520344
508776725
329206671
23857983
35977425
583589536
443520344
329206671
272156840
542960174
443520344
531659524
63997719
529940339
66042234
529940339
66042234
370162609
374441970
394296927
457615206
397876279
397876279
600808522
570358046
60844540
330474814
41114310
420024656
361340337
66967635
284816819
506121675
303267316
361340337
39048637
457615206
453225321
469628216
24884835
399459312
516134065
583589536
24518288
303267316
337519430
338832668
274328635
29685120
547896059
453225321
586622822
591969185
394296927
22211032
370162609
29685120
47913794
400190931
539834284
28568417
324163093
469628216
20475748
408257634
66042234
567224121
360042171
352580898
37715199
329206671
268842359
475138607
37284117
35977425
275087993
29112649
35977425
68410831
454874834
29112649
24179101
408257634
516134065
308655256
360042171
31775779
286764690
506121675
33652981
38490797
51272056
315724434
29112649
29685120
399459312
508652848
393734238
491634539
314642898
469628216
360042171
274328635
285612911
266832810
268842359
24179101
448900461
585509872
322622085
516134065
265939329
448900461
33652981
497668347
329206671
317643025
338463214
525300059
329206671
443520344
337519430
508266636
37715199
35977425
438404653
322622085
564786140
274328635
24065933
454874834
288421904
356510672
35977425
350062063
469628216
274328635
443520344
22211032
29685120
35977425
66042234
453225321
542960174
62031149
469628216
66042234
22763548
329206671
277092894
499942835
284816819
47913794
41114310
35977425
542960174
579885713
564786140
565825666
274682085
438404653
370162609
587289237
337519430
27420308
352066233
447526867
55852554
52508952
349240440
562303585
582963329
270844540
434736011
275087993
428833304
28342867
35811735
314642898
495850466
352066233
564786140
60844540
329206671
457467688
451316855
40894217
329206671
482976881
453225321
359496721
27533396
349240440
453225321
455270603
539834284
52172444
523353835
551928544
412333960
589931338
428833304
583589536
374441970
329206671
31817168
284816819
457467688
24065933
47913794
449875063
37947036
442308593
54727745
264155185
551928544
575802990
452165710
52172444
360042171
21872682
35977425
336599424
24855701
42077992
61986585
374441970
267897652
20475748
508701328
24065933
366297482
25672744
399459312
503975991
420024656
24065933
533482772
55112493
55852554
319848116
346918577
264548049
418804367
322622085
68410831
30781291
488812848
35977425
63857708
582928699
587883838
543433764
516134065
66042234
586327377
360042171
451316855
27980657
428833304
587450761
438404653
57501246
457467688
564786140
26024883
346147757
428833304
37601891
352580898
66042234
558235877
24855701
314729120
394296927
24065933
353220432
529940339
22948899
66724640
565825666
293401753
438404653
63857708
38270535
326160252
435630531
34990967
64347446
374441970
329206671
543433764
499252041
544445932
66042234
475138607
29685120
58059382
583589536
48349719
329206671
23667442
337519430
273995478
308055339
34218243
506725010
454874834
591957142
333488799
34178572
284816819
370162609
557569603
25468563
554995042
364944867
530053417
360042171
454874834
26132158
48359920
543428893
303267316
329206671
37088655
61670748
551928544
447526867
457615206
329206671
352066233
22211032
29685120
23667442
24065933
51791767
270844540
52172444
329206671
440467223
532118660
68410831
268323420
37601891
38835490
329206671
386072235
328425170
267201547
39991737
305773008
435630531
336207872
303267316
393734238
36035473
38359735
265859197
37601891
561155068
317643025
293255062
314729120
314643138
24179101
33652981
491691045
360042171
428916470
20874888
360042171
291948456
26026061
328634107
400956433
51221387
288779426
448900461
35383465
266832810
286764690
561077578
42077992
393734238
37601891
31775779
24065933
25981727
329206671
266832810
329206671
376969378
522628905
56846469
350062063
397822059
503975991
404991960
516134065
370162609
523353835
508701328
63997719
550776968
536618461
29685120
278619687
420024656
581887346
311676650
387434096
22211032
21872682
390738348
492128088
303267316
549034920
428833304
31101558
20874888
579528439
35977425
464894285
54727745
580557244
453225321
339286737
52172444
538595377
570358046
453225321
351546684
582342709
27420308
598789138
35811735
52172444
25234628
399459312
35811735
31138745
399459312
318269036
34941533
35811735
399459312
31702400
442908935
511736350
22948899
370162609
22763548
551928544
47929813
370162609
320496965
523353835
22211032
445329187
23667442
35977425
21614106
428916470
336599424
539717147
329206671
402894422
38113586
35811735
47960543
50935567
326160252
62564147
455774952
317643025
549744719
453225321
61986585
35811735
346918577
577866350
21469608
38776286
33652981
25738675
25468563
396703713
554995042
303267316
35999598
293610269
564786140
30018428
54727745
577853961
428833304
68410831
338832668
507153596
348992677
36373517
511736350
38424228
38270535
550760814
39994649
35977425
22211032
291908673
35811735
27980657
66479674
68410831
547896059
317643025
23667442
346918577
329206671
457467688
356510672
52217967
21469608
22211032
551928544
365703241
