365734692
266832810
329206671
551928544
435323320
360042171
303267316
47913794
400600578
543101898
364944867
24884835
61332617
560534849
598728072
35811735
521010302
310190488
24179101
442308593
26582815
66191787
457308362
370109374
423447631
554995042
485507667
525627202
516524857
516101356
50439287
482976881
567052211
588467062
23380669
462912661
497668347
264155185
511736350
401602177
473336923
47374666
55571504
32012101
337926359
593536466
40553666
317129493
38056316
603127099
432696225
396331823
600271804
29265129
309478280
23687911
365917332
594582079
548035269
461090609
63477525
491634539
601772723
528789448
26594258
24518288
353370023
62373828
588719349
605725155
405444870
353753919
603971088
297957886
310942973
305779803
28425900
603313830
22211032
518504612
322951465
35674040
42056298
35834373
445943569
55664438
26594223
27784441
59844922
296400367
604714281
391457972
293255062
463541301
24093578
427197322
458996406
509548698
26869812
285612911
595986343
510867397
266753139
64820064
263649777
534341688
454778644
283374489
392206688
558832972
26024883
506228373
585654601
328686674
597154036
610599982
353407391
30781291
422793411
603314092
603313745
326160252
544089919
31304658
544090245
541011077
547513457
592774210
544170925
